524 INDEX 8011187011οΜ.

51811. p. 8516. 8111111. Aristophane· 85111181. 8111111611. Avib· 1.
88. 80 845 14855 854 880

Antiphanesap.81hen. 655 255 758
smum 8108659116. 588 158

Apollophanes ap. A. 755 86 851. 895.

then. 90 755 187 1065 1866818.

8186881111111 225 850 80

Archilochus 31· 56 bh. 67 928 ibid.

AristidesQuintilinnus 9291866. 64

11. 58180 810 808 9111466888888 585

228. 281. 1088 64

Aristophanaejusver- 11501866. 270

81111185άά 225 88 ’

*plum d· anck· ι 522

8178. 87 . 521 -11881811118118186162 84

179 82 85 815 89

204 ⁴ 86 18 516 255

701 82 . 487 518 254186

1ο11 81 858 880 y 855

-Ν111111111162751066207 . 125 9001866 486

526 256006. 55 9118866. 568

’1⁵

223333332282

511 855 , . 185 858 seqq. 454
665 89 . 270 958818110ρῇ8. 126
, 916 259 . 1156
977 257 675 256
1685 888 11411
· 1549 684. 687 255
1559 750 ’ 258. 255
1427 ” 961 85
-1448111, 58. 88 1110 88
208 seqq. 484 1267 52
5251866. 520 -Pace v. 114 207
5181466. 844 ’ 188 84ο
551 86 246 88
950. 952. 957 95 880 85
942 95 512 254
10225866. 555 752 255
1088 855 8451466. 884
1058 ibid. 1002 258
1516 554 10271866. 264
1588156. 548 1104 554
15585866. 125 11275866.11590866.128
·- Equitibus v. 7. 82 1520 258
51 85 -Avibus v. 108. 89
154 ibid. 511. 515. 527 1016 seq. 894
801 52 555 8111111111. ibid. 1045etseq. 128 bis
505 seqq. 127 544 seqq. 244 1060 128
542 95 404 240 1091 seqq. 129
481 ibid. 4101866. 188 18ο5 seqq. 188
508 254 886. 4188866. 64 -Anagyro 566
585 855 444 81 -Daedalo 85188
676 85 479 255 -Georgis 125
184 855 481) 0511 44151104 ‹ 85
-14811111118118111118 818. 86 525. 556 . ’258 -Ὦςαις 96
47 88 551 seqq. 418 -711848185144888185
76 82 569 255 -16, 8111811. 264
190 11116 600 255 Aristoteles Rhet. 111. 8.
208 81 81111811. 127 607 255 121056
294 seqq· 542 seqq. 126 611 257 -- Problem.
457 62 626 seqq· 472 182 seqq. 185498

 

