AEschylm Agamem·

110118 V·
- 940 p.
955
904
574
575 7700.-
579
599
590
590
404
479
470
450
799
759
749
749
707
905
999
7090
7095
7779
7759
7745

ῙΙὶΞ
11
,116 ,1167

1174
1185
1261
1552 seqq.
1416
1455

0. 166
161
ibid.
240
474

“ 166

148
166
ibid.
ibid.

162

144.

162
206
ibid.
162
255
162
256
50
168
ibid.
160
166
ibid.
160
157
, 164
178
ibid.
72
470
178
ibid.

1457-1585 ¹ 481

1461
, 7477
7507
1564

162
460
241
240

.- 0105010719 7.

24. 54.
42 54

165. 167
165

480

241

148

145

241

124

148

77

. 170478

705
, 544
705544
599

75

77

757

INDEX Semnonum. 523

711701701οε Cho'e‘phoris v. 79441700790001190. ·
907 0700 900 p. 55. 79
- 1100700160705 v. 845 175
156 162 845 148
770 440. 700 947 759
258 76
507 240
515 256
522 248. 452
524 124
528
ibid.
900 709 seqq. 41³
529 -Ρ70777971740491010 557
147 -Χο7717110 29
717171 4107904 277. 588. seq.
’165 Alcman 126. 500
147 41971990. Athen. 8285
117111. 8687
165 -Τ7001707710 577
54 Ammiani epigr. 20. 54
. 158 4700171790. Athen. 90
4160168 Anacreon 2677272
158 9500070179 0777771779
168 0707097700ὴίοα 505
160 eam& 508509
255 6
ibid. 13
ibid. 15
875 160 18
“ 148 22
9500900. 241 25
1058 276 24
6019170019 477 25
-6000110117777 9.,5.8 241 26
59 271 27
07 4400. -970 57. 59
75 54 54
101 148 55
162 56
105 270 57
162 58
147 59
ibid. 41
148 42
72 45
79 45
160 50
ibid. 51
. 144 52
599 seq. 709 05
590 144146 56
495 seqq. 794 5759
455 seq. 170 6061
458 50 62
525 79 66 ¹
557 145 —fngm 57515575
544 ibid. - l · 501
550 seq. 909 , - 5 570
561 · ibid, - 17 10171.
642 55 Amnius 57
790 145 477077771ῆά90 apud

 

