41144414 4664446466 679

¹8011hocleuljt0u ¹ 8661166164 Antigonam Sophocle· ’1714017111 ⁷·
205 67. 259 61555 844 64165
210 28 104 564 847 ’ 167
224. 248 208 120 555 848 seqq. 147.159.180
77 121 564 850 180
ibid. 156 258 855 165
564 559 206 159
165 409 76 , 167
78 606 Ι274 . ’ 147
464 667 644 neq. 1160
Ι165 614 274· 904 907 915 77
74 616 644166. 4646 464
466 644 644 464 -Philoetm detra·
661 . ³46
560 . 550 .
561 15191525 156 176. 186 158
12051217 567 -11141166061644666 560571 77
1505 77 117164414161441166 562 594 ,187
-Electn 4. 125 276 121 166. 569 510 40141.
129 fuid, 125 · 187. 567 544 77
464 466 146 167 ’ 6671666. 466
159 - 276 159.Ι 145 256 785. 787. 796 187 seq.
145 11116. ’152 550 , ’ 187
150 205 155 seq. 569 . 172
472. 488 276 155 567 52. 180
504 seqq. 147 157 550 559
715 77 170175. 180· 256 174
756. 741 Α 564 186 552 ’ 545
818 52 205 ’ 10111. 546
4666 664 446 seqq. 444 649
-et seqq. 515 255. 252 ibid. 174
1066 seqq. 269 51252561616641141. · 545 , ’
1069. 1080 461 p. 644 seq. 559
1259666. 147 668 564 558
’ 1242 1666168 670 45 1 271
1447 474 674 646 666
-616466 “ 170 672 565 558
4466 seq. 147 676 646666 . 671
4464 166166 661661 664 seq. 1464 46. 64
4466 171 764 seqq. 447 -11161166166 26 46
15841591 170 1022 74 -14611616 52 .
-OEdipo Rege v. 1054.1069 555686. -1989110 ³28
466. 466 76. 1661. 4664 , 64 Sotades 664 seqq 467...]
467 6666. 61646614. 569 1560 77 synesius 255. 245 266.
485 seqq. 269. 515 1447 178 515. 016.
646 64· 4466 . 461
649 seqq. 128 1462 178 « Τ
661 155. 172174 1466, 55. 78
-et seqq. 181 1468 181 Telesilla 281, ’
665 170 1471 161 Terentianus Maurus
690 155.171. 174 1545 74 p. 224. 596
—et seqq. 181 15591571 75 Terentius 8144111615 104
694 170 1602. 1604 77 4 ibid.
1166 seqq. 466 1605 seqq. 64 6 164116
1196 558 1605.1608.1624 77 ΙΙ. 1 105
12441249 77 -Τ44611161144 205 156 ΙΙΙ.2 106.116. 190
4416 ⁷ 46 46664666. 414 6 66164
1516 160 581 , 77 IV. 1 107
1521 46 655. 665 175 2 101
1524 160 769. 774 77 V. 2 107

-4114616611661006466570 828. 658 165 5 111
. 611

 

