INDEX SCRIPTORUM.

1115051105011501100-1210111101 Septem 111 AEoehylus Penin.
5151555151 151* „⁷⁴ ῗῖἓ

115 187 241 165 450

247 ὒίᾶ. 490
294 · 54 501
554 252 506
552 145174 552
562 144 559
564 145. 174 576

401 151 555
500 400101 140 501

150. 404 ms
115 ,555 0550

500 511 115

155 554 roi&

170 151 seqq. 050

111 141 015

155 145 150

. 111500 140 015
9ooseqq. 155. 415 151 150
005141. 155 115 111

111 11110 515 779 ibid.
..55515111111160 550 040

78 176 162
78001111. 490 ., 148
85 29170 162
87 156 Δ 146
90 162169 924 269
95 169 985 78
105 168 990 111111.
122 144 1005 157
124 54 -Ρο15151111011111475475
125 144 v. 52 240
154159. 141 ibid. 66 seqq. 517 .
155 141 81 54
158 165 93seqq. 476
161 170 97 seqq. 518
164 145 164 52
167 165 269 165. 181

171 170 275 165. 181
20910000111150. 155 288 144

227 174. 252 521 3 74

 

