526 INDEX scsmosuss.

5656116616. Eurip. 1116an Aur. Mis Bsoehbv.
6976666. P. 6497 v. 571 9549 646966 Mis
661666669666676 srsoeqq. ³48.⁴76 79 ω

69066661). 497 548 78 seqq. ³16

851. 861
979 seqq. P.
1955. 1965
... Hippolyto v. 66
141
144
147
150
154
157

741 · 556. 558

751

560
497
169
569

45
565
566
559
565
566
559
158
157
579

558

lissaeqqiisroeqqsss

1560. 1565
-· Alcestide v. 89

181 seq.

968 seqq.
598
674

mmmm

959
958

77
179
459

74
541

- Andromacha s. 86 157
485. 491 901 seq.
849 149. 157

869
1185. 1196

176
499

1910 666619946666544

- Supplicibus v.

614
696
669. 666
666
966. 964
990
996

518
905

ibid.

144

77
164
145
567
569
548

996 665666.

. 1000
1004
1008
1019. 1018
1091
1095
1094 6666.
1096
1050

545
567
559
569
555
545
544
567
559

-ι Iphigenia in Aulide
p. 559. ejus prrodus
non Euripidis &2374

v. 165.183. 186.
904

906
547. 569

559
561
548

555

564

548

555

564

559

971

· 555

554

558

555

554

559

75

⁴ 180

1488 165

1510 180
- Iphigenia is Tsuris

24⁴

59

459 tots stropha 556
461 958
897 164176
1089 557
1099 554
1096 666. 540
1097 558
1105 546
1109 554
1116666. 666
1114 558
1195 559
1197 560
1199 548
1150 546
1159 seqq. ibid.
1158 559
1149 560
-Rhesi scriptor 78
v. 694 167
697 Μ. 187
706. 794 168
-Troadibus v. 101 945
959 totum carmen 494
960 178
965 176
971 175
590. 556 167
515 seqq· 5556666. 559
559 seq· 161
605 Μ. 957
891. 841 901

1955 seqq. etpraeced„ 166

1175. 1189
1995

167
77

-Cyclopev.41.55 ³66

495 seqq.
497

516
505

- Heraclidis v. 55 77

640
770. 777

- Helena v. 969 seqq. 545

599 seqq.
597 .
555
655
656
645

74
565

554
561
547
180
179
170

650 167. 187

651

678

697

1119
1517
1599
1550
1541
1548. 1565 seqq.
1569 seq.
1581 seqq.
1497
1509

175
177
75
567
559
561
559
561
545
561
566
558

 

